	0.1	0.2	0
	0.1	0.2	1.5
	0.3	0.2	1.5
	0.3	0.2	0
	0.7	0.2	0
	0.7	0.2	0
	0.9	0.2	0
	0.9	0.2	0

	0.1	0.8	0
	0.1	0.8	1.5
	0.3	0.8	1.5
	0.3	0.8	0
	0.7	0.8	0
	0.7	0.8	0
	0.9	0.8	0
	0.9	0.8	0


	0.1	2.2	0
	0.1	2.2	0
	0.3	2.2	0
	0.3	2.2	0
	0.7	2.2	0
	0.7	2.2	0
	0.9	2.2	0
	0.9	2.2	0

	0.1	2.8	0
	0.1	2.8	0
	0.3	2.8	0
	0.3	2.8	0
	0.7	2.8	0
	0.7	2.8	0
	0.9	2.8	0
	0.9	2.8	0


	0.1	4.2	0
	0.1	4.2	0
	0.3	4.2	0
	0.3	4.2	0
	0.7	4.2	0
	0.7	4.2	0
	0.9	4.2	0
	0.9	4.2	0

	0.1	4.8	0
	0.1	4.8	0
	0.3	4.8	0
	0.3	4.8	0
	0.7	4.8	0
	0.7	4.8	0
	0.9	4.8	0
	0.9	4.8	0


	1.1	0.2	0
	1.1	0.2	1.75
	1.3	0.2	1.75
	1.3	0.2	0
	1.7	0.2	0
	1.7	0.2	2
	1.9	0.2	2
	1.9	0.2	0

	1.1	0.8	0
	1.1	0.8	1.75
	1.3	0.8	1.75
	1.3	0.8	0
	1.7	0.8	0
	1.7	0.8	2
	1.9	0.8	2
	1.9	0.8	0


	1.1	2.2	0
	1.1	2.2	2
	1.3	2.2	2
	1.3	2.2	0
	1.7	2.2	0
	1.7	2.2	1.83333
	1.9	2.2	1.83333
	1.9	2.2	0

	1.1	2.8	0
	1.1	2.8	2
	1.3	2.8	2
	1.3	2.8	0
	1.7	2.8	0
	1.7	2.8	1.83333
	1.9	2.8	1.83333
	1.9	2.8	0


	1.1	4.2	0
	1.1	4.2	2
	1.3	4.2	2
	1.3	4.2	0
	1.7	4.2	0
	1.7	4.2	1.75
	1.9	4.2	1.75
	1.9	4.2	0

	1.1	4.8	0
	1.1	4.8	2
	1.3	4.8	2
	1.3	4.8	0
	1.7	4.8	0
	1.7	4.8	1.75
	1.9	4.8	1.75
	1.9	4.8	0


	2.1	0.2	0
	2.1	0.2	1.75
	2.3	0.2	1.75
	2.3	0.2	0
	2.7	0.2	0
	2.7	0.2	1.75
	2.9	0.2	1.75
	2.9	0.2	0

	2.1	0.8	0
	2.1	0.8	1.75
	2.3	0.8	1.75
	2.3	0.8	0
	2.7	0.8	0
	2.7	0.8	1.75
	2.9	0.8	1.75
	2.9	0.8	0


	2.1	2.2	0
	2.1	2.2	0
	2.3	2.2	0
	2.3	2.2	0
	2.7	2.2	0
	2.7	2.2	0
	2.9	2.2	0
	2.9	2.2	0

	2.1	2.8	0
	2.1	2.8	0
	2.3	2.8	0
	2.3	2.8	0
	2.7	2.8	0
	2.7	2.8	0
	2.9	2.8	0
	2.9	2.8	0


	2.1	4.2	0
	2.1	4.2	0
	2.3	4.2	0
	2.3	4.2	0
	2.7	4.2	0
	2.7	4.2	0
	2.9	4.2	0
	2.9	4.2	0

	2.1	4.8	0
	2.1	4.8	0
	2.3	4.8	0
	2.3	4.8	0
	2.7	4.8	0
	2.7	4.8	0
	2.9	4.8	0
	2.9	4.8	0


	3.1	0.2	0
	3.1	0.2	0
	3.3	0.2	0
	3.3	0.2	0
	3.7	0.2	0
	3.7	0.2	0
	3.9	0.2	0
	3.9	0.2	0

	3.1	0.8	0
	3.1	0.8	0
	3.3	0.8	0
	3.3	0.8	0
	3.7	0.8	0
	3.7	0.8	0
	3.9	0.8	0
	3.9	0.8	0


	3.1	2.2	0
	3.1	2.2	0
	3.3	2.2	0
	3.3	2.2	0
	3.7	2.2	0
	3.7	2.2	0
	3.9	2.2	0
	3.9	2.2	0

	3.1	2.8	0
	3.1	2.8	0
	3.3	2.8	0
	3.3	2.8	0
	3.7	2.8	0
	3.7	2.8	0
	3.9	2.8	0
	3.9	2.8	0


	3.1	4.2	0
	3.1	4.2	0
	3.3	4.2	0
	3.3	4.2	0
	3.7	4.2	0
	3.7	4.2	0
	3.9	4.2	0
	3.9	4.2	0

	3.1	4.8	0
	3.1	4.8	0
	3.3	4.8	0
	3.3	4.8	0
	3.7	4.8	0
	3.7	4.8	0
	3.9	4.8	0
	3.9	4.8	0


