	0.2	0.1	0
	0.2	0.1	2
	0.2	0.3	2
	0.2	0.3	0
	0.2	0.7	0
	0.2	0.7	1.5
	0.2	0.9	1.5
	0.2	0.9	0

	0.8	0.1	0
	0.8	0.1	2
	0.8	0.3	2
	0.8	0.3	0
	0.8	0.7	0
	0.8	0.7	1.5
	0.8	0.9	1.5
	0.8	0.9	0


	1.2	0.1	0
	1.2	0.1	1.625
	1.2	0.3	1.625
	1.2	0.3	0
	1.2	0.7	0
	1.2	0.7	1.5
	1.2	0.9	1.5
	1.2	0.9	0

	1.8	0.1	0
	1.8	0.1	1.625
	1.8	0.3	1.625
	1.8	0.3	0
	1.8	0.7	0
	1.8	0.7	1.5
	1.8	0.9	1.5
	1.8	0.9	0


	2.2	0.1	0
	2.2	0.1	1.5
	2.2	0.3	1.5
	2.2	0.3	0
	2.2	0.7	0
	2.2	0.7	2
	2.2	0.9	2
	2.2	0.9	0

	2.8	0.1	0
	2.8	0.1	1.5
	2.8	0.3	1.5
	2.8	0.3	0
	2.8	0.7	0
	2.8	0.7	2
	2.8	0.9	2
	2.8	0.9	0


	0.2	2.1	0
	0.2	2.1	0
	0.2	2.3	0
	0.2	2.3	0
	0.2	2.7	0
	0.2	2.7	1.75
	0.2	2.9	1.75
	0.2	2.9	0

	0.8	2.1	0
	0.8	2.1	0
	0.8	2.3	0
	0.8	2.3	0
	0.8	2.7	0
	0.8	2.7	1.75
	0.8	2.9	1.75
	0.8	2.9	0


	1.2	2.1	0
	1.2	2.1	0
	1.2	2.3	0
	1.2	2.3	0
	1.2	2.7	0
	1.2	2.7	1.5
	1.2	2.9	1.5
	1.2	2.9	0

	1.8	2.1	0
	1.8	2.1	0
	1.8	2.3	0
	1.8	2.3	0
	1.8	2.7	0
	1.8	2.7	1.5
	1.8	2.9	1.5
	1.8	2.9	0


	2.2	2.1	0
	2.2	2.1	0
	2.2	2.3	0
	2.2	2.3	0
	2.2	2.7	0
	2.2	2.7	2
	2.2	2.9	2
	2.2	2.9	0

	2.8	2.1	0
	2.8	2.1	0
	2.8	2.3	0
	2.8	2.3	0
	2.8	2.7	0
	2.8	2.7	2
	2.8	2.9	2
	2.8	2.9	0


	0.2	4.1	0
	0.2	4.1	0
	0.2	4.3	0
	0.2	4.3	0
	0.2	4.7	0
	0.2	4.7	0
	0.2	4.9	0
	0.2	4.9	0

	0.8	4.1	0
	0.8	4.1	0
	0.8	4.3	0
	0.8	4.3	0
	0.8	4.7	0
	0.8	4.7	0
	0.8	4.9	0
	0.8	4.9	0


	1.2	4.1	0
	1.2	4.1	0
	1.2	4.3	0
	1.2	4.3	0
	1.2	4.7	0
	1.2	4.7	0
	1.2	4.9	0
	1.2	4.9	0

	1.8	4.1	0
	1.8	4.1	0
	1.8	4.3	0
	1.8	4.3	0
	1.8	4.7	0
	1.8	4.7	0
	1.8	4.9	0
	1.8	4.9	0


	2.2	4.1	0
	2.2	4.1	0
	2.2	4.3	0
	2.2	4.3	0
	2.2	4.7	0
	2.2	4.7	0
	2.2	4.9	0
	2.2	4.9	0

	2.8	4.1	0
	2.8	4.1	0
	2.8	4.3	0
	2.8	4.3	0
	2.8	4.7	0
	2.8	4.7	0
	2.8	4.9	0
	2.8	4.9	0


	0.2	6.1	0
	0.2	6.1	0
	0.2	6.3	0
	0.2	6.3	0
	0.2	6.7	0
	0.2	6.7	0
	0.2	6.9	0
	0.2	6.9	0

	0.8	6.1	0
	0.8	6.1	0
	0.8	6.3	0
	0.8	6.3	0
	0.8	6.7	0
	0.8	6.7	0
	0.8	6.9	0
	0.8	6.9	0


	1.2	6.1	0
	1.2	6.1	0
	1.2	6.3	0
	1.2	6.3	0
	1.2	6.7	0
	1.2	6.7	0
	1.2	6.9	0
	1.2	6.9	0

	1.8	6.1	0
	1.8	6.1	0
	1.8	6.3	0
	1.8	6.3	0
	1.8	6.7	0
	1.8	6.7	0
	1.8	6.9	0
	1.8	6.9	0


	2.2	6.1	0
	2.2	6.1	0
	2.2	6.3	0
	2.2	6.3	0
	2.2	6.7	0
	2.2	6.7	0
	2.2	6.9	0
	2.2	6.9	0

	2.8	6.1	0
	2.8	6.1	0
	2.8	6.3	0
	2.8	6.3	0
	2.8	6.7	0
	2.8	6.7	0
	2.8	6.9	0
	2.8	6.9	0


