	0.2	0.1	0
	0.2	0.1	8
	0.2	0.3	8
	0.2	0.3	0
	0.2	0.7	0
	0.2	0.7	6
	0.2	0.9	6
	0.2	0.9	0

	0.8	0.1	0
	0.8	0.1	8
	0.8	0.3	8
	0.8	0.3	0
	0.8	0.7	0
	0.8	0.7	6
	0.8	0.9	6
	0.8	0.9	0


	1.2	0.1	0
	1.2	0.1	6.5
	1.2	0.3	6.5
	1.2	0.3	0
	1.2	0.7	0
	1.2	0.7	6
	1.2	0.9	6
	1.2	0.9	0

	1.8	0.1	0
	1.8	0.1	6.5
	1.8	0.3	6.5
	1.8	0.3	0
	1.8	0.7	0
	1.8	0.7	6
	1.8	0.9	6
	1.8	0.9	0


	2.2	0.1	0
	2.2	0.1	6
	2.2	0.3	6
	2.2	0.3	0
	2.2	0.7	0
	2.2	0.7	8
	2.2	0.9	8
	2.2	0.9	0

	2.8	0.1	0
	2.8	0.1	6
	2.8	0.3	6
	2.8	0.3	0
	2.8	0.7	0
	2.8	0.7	8
	2.8	0.9	8
	2.8	0.9	0


	0.2	2.1	0
	0.2	2.1	0
	0.2	2.3	0
	0.2	2.3	0
	0.2	2.7	0
	0.2	2.7	7
	0.2	2.9	7
	0.2	2.9	0

	0.8	2.1	0
	0.8	2.1	0
	0.8	2.3	0
	0.8	2.3	0
	0.8	2.7	0
	0.8	2.7	7
	0.8	2.9	7
	0.8	2.9	0


	1.2	2.1	0
	1.2	2.1	0
	1.2	2.3	0
	1.2	2.3	0
	1.2	2.7	0
	1.2	2.7	6
	1.2	2.9	6
	1.2	2.9	0

	1.8	2.1	0
	1.8	2.1	0
	1.8	2.3	0
	1.8	2.3	0
	1.8	2.7	0
	1.8	2.7	6
	1.8	2.9	6
	1.8	2.9	0


	2.2	2.1	0
	2.2	2.1	0
	2.2	2.3	0
	2.2	2.3	0
	2.2	2.7	0
	2.2	2.7	8
	2.2	2.9	8
	2.2	2.9	0

	2.8	2.1	0
	2.8	2.1	0
	2.8	2.3	0
	2.8	2.3	0
	2.8	2.7	0
	2.8	2.7	8
	2.8	2.9	8
	2.8	2.9	0


	0.2	4.1	0
	0.2	4.1	0
	0.2	4.3	0
	0.2	4.3	0
	0.2	4.7	0
	0.2	4.7	0
	0.2	4.9	0
	0.2	4.9	0

	0.8	4.1	0
	0.8	4.1	0
	0.8	4.3	0
	0.8	4.3	0
	0.8	4.7	0
	0.8	4.7	0
	0.8	4.9	0
	0.8	4.9	0


	1.2	4.1	0
	1.2	4.1	0
	1.2	4.3	0
	1.2	4.3	0
	1.2	4.7	0
	1.2	4.7	0
	1.2	4.9	0
	1.2	4.9	0

	1.8	4.1	0
	1.8	4.1	0
	1.8	4.3	0
	1.8	4.3	0
	1.8	4.7	0
	1.8	4.7	0
	1.8	4.9	0
	1.8	4.9	0


	2.2	4.1	0
	2.2	4.1	0
	2.2	4.3	0
	2.2	4.3	0
	2.2	4.7	0
	2.2	4.7	0
	2.2	4.9	0
	2.2	4.9	0

	2.8	4.1	0
	2.8	4.1	0
	2.8	4.3	0
	2.8	4.3	0
	2.8	4.7	0
	2.8	4.7	0
	2.8	4.9	0
	2.8	4.9	0


	0.2	6.1	0
	0.2	6.1	0
	0.2	6.3	0
	0.2	6.3	0
	0.2	6.7	0
	0.2	6.7	0
	0.2	6.9	0
	0.2	6.9	0

	0.8	6.1	0
	0.8	6.1	0
	0.8	6.3	0
	0.8	6.3	0
	0.8	6.7	0
	0.8	6.7	0
	0.8	6.9	0
	0.8	6.9	0


	1.2	6.1	0
	1.2	6.1	0
	1.2	6.3	0
	1.2	6.3	0
	1.2	6.7	0
	1.2	6.7	0
	1.2	6.9	0
	1.2	6.9	0

	1.8	6.1	0
	1.8	6.1	0
	1.8	6.3	0
	1.8	6.3	0
	1.8	6.7	0
	1.8	6.7	0
	1.8	6.9	0
	1.8	6.9	0


	2.2	6.1	0
	2.2	6.1	0
	2.2	6.3	0
	2.2	6.3	0
	2.2	6.7	0
	2.2	6.7	0
	2.2	6.9	0
	2.2	6.9	0

	2.8	6.1	0
	2.8	6.1	0
	2.8	6.3	0
	2.8	6.3	0
	2.8	6.7	0
	2.8	6.7	0
	2.8	6.9	0
	2.8	6.9	0


