	0.2	0.1	0
	0.2	0.1	16
	0.2	0.3	16
	0.2	0.3	0
	0.2	0.7	0
	0.2	0.7	21.3333
	0.2	0.9	21.3333
	0.2	0.9	0

	0.8	0.1	0
	0.8	0.1	16
	0.8	0.3	16
	0.8	0.3	0
	0.8	0.7	0
	0.8	0.7	21.3333
	0.8	0.9	21.3333
	0.8	0.9	0


	1.2	0.1	0
	1.2	0.1	18.2857
	1.2	0.3	18.2857
	1.2	0.3	0
	1.2	0.7	0
	1.2	0.7	21.3333
	1.2	0.9	21.3333
	1.2	0.9	0

	1.8	0.1	0
	1.8	0.1	18.2857
	1.8	0.3	18.2857
	1.8	0.3	0
	1.8	0.7	0
	1.8	0.7	21.3333
	1.8	0.9	21.3333
	1.8	0.9	0


	2.2	0.1	0
	2.2	0.1	21.3333
	2.2	0.3	21.3333
	2.2	0.3	0
	2.2	0.7	0
	2.2	0.7	16
	2.2	0.9	16
	2.2	0.9	0

	2.8	0.1	0
	2.8	0.1	21.3333
	2.8	0.3	21.3333
	2.8	0.3	0
	2.8	0.7	0
	2.8	0.7	16
	2.8	0.9	16
	2.8	0.9	0


	0.2	2.1	0
	0.2	2.1	0
	0.2	2.3	0
	0.2	2.3	0
	0.2	2.7	0
	0.2	2.7	18.2857
	0.2	2.9	18.2857
	0.2	2.9	0

	0.8	2.1	0
	0.8	2.1	0
	0.8	2.3	0
	0.8	2.3	0
	0.8	2.7	0
	0.8	2.7	18.2857
	0.8	2.9	18.2857
	0.8	2.9	0


	1.2	2.1	0
	1.2	2.1	0
	1.2	2.3	0
	1.2	2.3	0
	1.2	2.7	0
	1.2	2.7	21.3333
	1.2	2.9	21.3333
	1.2	2.9	0

	1.8	2.1	0
	1.8	2.1	0
	1.8	2.3	0
	1.8	2.3	0
	1.8	2.7	0
	1.8	2.7	21.3333
	1.8	2.9	21.3333
	1.8	2.9	0


	2.2	2.1	0
	2.2	2.1	0
	2.2	2.3	0
	2.2	2.3	0
	2.2	2.7	0
	2.2	2.7	16
	2.2	2.9	16
	2.2	2.9	0

	2.8	2.1	0
	2.8	2.1	0
	2.8	2.3	0
	2.8	2.3	0
	2.8	2.7	0
	2.8	2.7	16
	2.8	2.9	16
	2.8	2.9	0


	0.2	4.1	0
	0.2	4.1	0
	0.2	4.3	0
	0.2	4.3	0
	0.2	4.7	0
	0.2	4.7	0
	0.2	4.9	0
	0.2	4.9	0

	0.8	4.1	0
	0.8	4.1	0
	0.8	4.3	0
	0.8	4.3	0
	0.8	4.7	0
	0.8	4.7	0
	0.8	4.9	0
	0.8	4.9	0


	1.2	4.1	0
	1.2	4.1	0
	1.2	4.3	0
	1.2	4.3	0
	1.2	4.7	0
	1.2	4.7	0
	1.2	4.9	0
	1.2	4.9	0

	1.8	4.1	0
	1.8	4.1	0
	1.8	4.3	0
	1.8	4.3	0
	1.8	4.7	0
	1.8	4.7	0
	1.8	4.9	0
	1.8	4.9	0


	2.2	4.1	0
	2.2	4.1	0
	2.2	4.3	0
	2.2	4.3	0
	2.2	4.7	0
	2.2	4.7	0
	2.2	4.9	0
	2.2	4.9	0

	2.8	4.1	0
	2.8	4.1	0
	2.8	4.3	0
	2.8	4.3	0
	2.8	4.7	0
	2.8	4.7	0
	2.8	4.9	0
	2.8	4.9	0


	0.2	6.1	0
	0.2	6.1	0
	0.2	6.3	0
	0.2	6.3	0
	0.2	6.7	0
	0.2	6.7	0
	0.2	6.9	0
	0.2	6.9	0

	0.8	6.1	0
	0.8	6.1	0
	0.8	6.3	0
	0.8	6.3	0
	0.8	6.7	0
	0.8	6.7	0
	0.8	6.9	0
	0.8	6.9	0


	1.2	6.1	0
	1.2	6.1	0
	1.2	6.3	0
	1.2	6.3	0
	1.2	6.7	0
	1.2	6.7	0
	1.2	6.9	0
	1.2	6.9	0

	1.8	6.1	0
	1.8	6.1	0
	1.8	6.3	0
	1.8	6.3	0
	1.8	6.7	0
	1.8	6.7	0
	1.8	6.9	0
	1.8	6.9	0


	2.2	6.1	0
	2.2	6.1	0
	2.2	6.3	0
	2.2	6.3	0
	2.2	6.7	0
	2.2	6.7	0
	2.2	6.9	0
	2.2	6.9	0

	2.8	6.1	0
	2.8	6.1	0
	2.8	6.3	0
	2.8	6.3	0
	2.8	6.7	0
	2.8	6.7	0
	2.8	6.9	0
	2.8	6.9	0


